00000000000001001100000000000010
00000000000000000000000110011110
00000000000000000000000110001001
00000000000000000000000110011110
00000000000010000000000110001001
00000000000000000000000010010110
00000000000010000000001000000001
00000000000000000000001010010001
00000000001010001010001000001011
00000000000000000000001000000001
00000000000000000000000010011110
00000000000000000000001000010110
00000000000000000000000010001010
00000000000000101110000000000010
00000000000000000000000110000001
00000000000000000000000110010110
00000000000010000000000110000001
00000000000000000000000110010110
00000000000000000000001000000001
00000000000000000000001010000001
00000000000010000000001100000001
00000000001100001010001110011000
00000000000010000000001010000001
00000000001010001110001100010000
00000000001100001000001010001000
00000000000000000000001010010110
00000000000010000000001000000001
00000000000000000000001000010110
11111111111111001000000010010010
00000000000000000000001000011110
00000000000000000000000110011110
00000000000010000000000110001001
00000000000000000000000110011110
00000000000000000000000110001001
00000000000000000000000010011110
00000000000000000000001000010110
00000000000000000000000010001010
00000000000000000000000010011110
00000000000000000000000010001010
00000000000000000000000010010110
00000000000000000000001000000110
00000000000100000000001000001001
00000000000000000000001000000110
00000000000110000000001000001001
00000000000100000000000110000001
00000000000000000000000110010110
00000000000110000000000110000001
00000000000000000000000110010110
00000000000110000000001000000001
00000000000000000000001000010110
00000000000100000000001000000001
00000000000000000000001000010110
11111111111110011000000010010010
00000000000000000000001000011110
00000000000000000000000110011110
00000000000110000000000110001001
00000000000000000000000110011110
00000000000100000000000110001001
00000000000000000000001000001110
00000000000000000000000000001100
