00000000000000000110101000000001
00000000000000000000101100010001
00000000001000101000101010000011
00000000000000001010000000000010
00000000000010000000101100010001
00000000010010101100000000000011
00000000001000000110101110000001
00000000000000000000000010001010
00000000000000101010000000000010
00000000000000000110110000000001
00000000000000110000010101000001
00000000001000000110110010000001
00000000001000000110110100000001
00000000000000000110110110000001
00000000110110110100111000011000
00000000000000000110111010000001
00000000111010111000111100010000
00000000111100110010111110001000
00000000000000111110010111000001
00000000000000000000000010010010
00000000000000000000000010001010
00000000000000000001000010000110
00000000010000000111000010001001
00000000000000000001000100000110
00000000011000000111000100001001
00000000010000000111000110000001
00000000000001000110010101000001
00000000011000000111001000000001
00000000000001001000010111000001
00000000000000000000000010010010
00000000000000000001001010001110
00000000000000000000000000001100
