00000000000001001110000000000010
00000000000000000000000110011110
00000000000000000000000110001001
00000000000000000000000010010110
00000000000000000000001000000001
00000000000000000000001010010001
00000000001010001010001000100011
00000000000000000000001000010001
00000000000000000000000010011110
00000000000000000000001000010110
00000000000000000000000010001010
00000000000000000000000000000010
00000000000000000000001000010001
00000000000010000000001000001001
00000000000010000000001000010001
00000000000100000000001000001001
00000000000010000000001000010001
00000000000110000000001000001001
00000000000110000000001000000001
00000000000000000000001010000001
00000000011010001010001000101011
00000000000010000000001000000001
00000000000100000000001010000001
00000000001010001000001100000000
00000000001000000000001100001001
00000000000100000000001000000001
00000000000010000000001000001001
00000000001000000000001000000001
00000000000100000000001000001001
00000000000110000000001000000001
00000000000010000000001010010001
00000000001010001000001100000000
00000000000110000000001100001001
11111111111111100000000000000010
00000000000100000000001000000001
00000000000000000000000010011110
00000000000000000000001000010110
00000000000000000000000010001010
00000000000000000000000010011110
00000000000000000000000010001010
00000000000000000000000010010110
00000000000000000000001000000110
00000000001010000000001000001001
00000000001010000000000110000001
00000000000000000000000110010110
00000000001010000000001000000001
00000000000000000000001000010110
11111111111110100010000010010010
00000000000000000000001000011110
00000000000000000000000110011110
00000000001010000000000110001001
00000000000000000000001000001110
00000000000000000000000000001100
