00000000000000101100000000000010
00000000000000000000000110011110
00000000000000000000000110001001
00000000000000000000000010010110
00000000000000000000001000000001
00000000000000000000001010010001
00000000001010001010001000100011
00000000000010000000001000010001
00000000000000000000000010011110
00000000000000000000001000010110
00000000000000000000000010001010
00000000000000000000000000000010
00000000000000000000001000000001
00000000000000000000001010000001
00000000000010000000001100010001
00000000001100001010001110001000
00000000000000000000001110010110
11111111111111011110000010010010
00000000000000000000001010011110
00000000001010001000001100010000
00000000000000000000000010011110
00000000000000000000001100010110
00000000000000000000000010001010
00000000000000000000000010010110
00000000000000000000001000000110
00000000000000000000001000001001
00000000000000000000001000000001
00000000000000000000001000010110
11111111111111001000000010010010
00000000000000000000001000011110
00000000000000000000001000001110
00000000000000000000000000001100
