00000000000011101100000000000010
00000000000000000000000110011110
00000000010100000000000110001001
00000000000000000000000110011110
00000000010110000000000110001001
00000000000000000000000110011110
00000000011000000000000110001001
00000000000000000000000010010110
00000000010110000000001000000001
00000000011110000000001000001001
00000000010110000000001000000001
00000000010100000000001010000001
00000000001000001010001010000000
00000000000000001010001010000001
00000000011100000000001010001001
00000000010110000000001000000001
00000000000010000000001010010001
00000000001010001000001100000000
00000000011010000000001100001001
00000000011010000000001000000001
00000000011000000000001010000001
00000000100110001010001000101011
00000000011010000000001000000001
00000000010100000000001010000001
00000000001000001010001010000000
00000000000000001010001010000001
00000000011100000000001000000001
00000000010000001000001010101011
00000000011010000000001000000001
00000000010100000000001010000001
00000000001000001010001010000000
00000000000000001010001010000001
00000000011100000000001010001001
00000000011010000000001000000001
00000000011110000000001000001001
00000000000000000000000000000010
00000000011010000000001000000001
00000000000010000000001010010001
00000000001010001000001100000000
00000000011010000000001100001001
11111111111111010100000000000010
00000000011110000000001000000001
00000000000000000000000010011110
00000000000000000000001000010110
00000000000000000000000010001010
00000000000000000000000010011110
00000000000000000000000010001010
00000000000000000000000110011110
00000000100000000000000110001001
00000000000000000000000110011110
00000000100010000000000110001001
00000000000000000000000110011110
00000000100100000000000110001001
00000000000000000000000010010110
00000000100010000000001000000001
00000000100110000000001000001001
00000000100110000000001000000001
00000000100100000000001010000001
00000000000010000000001100010001
00000000001100001010001110001000
00000001110000001110001000101011
00000000100000000000000110000001
00000000000000000000000110010110
00000000100010000000000110000001
00000000000000000000000110010110
00000000100100000000000110000001
00000000000000000000000110010110
00000000100110000000000110000001
00000000000000000000000110010110
00000000101000000000000110000001
00000000000000000000000110010110
00000000101010000000000110000001
00000000000000000000000110010110
00000000100100000000001000000001
00000000000000000000001000010110
00000000100110000000001000000001
00000000000000000000001000010110
00000000100000000000001000000001
00000000000000000000001000010110
11111111111101100010000010010010
00000000000000000000001000011110
00000000000000000000000110011110
00000000101010000000000110001001
00000000000000000000000110011110
00000000101000000000000110001001
00000000000000000000000110011110
00000000100110000000000110001001
00000000000000000000000110011110
00000000100100000000000110001001
00000000000000000000000110011110
00000000100010000000000110001001
00000000000000000000000110011110
00000000100000000000000110001001
00000000101000000000001000001001
00000000101000000000001000000001
00000000100000000000001010000001
00000000001000001010001010000000
00000000000000001010001010000001
00000000101010000000001010001001
00000000100110000000001000000001
00000000100000000000001010000001
00000000001000001010001010000000
00000000000000001010001010000001
00000000101000000000001000000001
00000000100000000000000110000001
00000000001000000110000110000000
00000000000000000110001010001001
00000000101010000000001000000001
00000000100110000000001010000001
00000000100000000000000110000001
00000000001010000110000110000000
00000000000000000110001000001001
00000000100110000000001000000001
00000000000010000000001010010001
00000000001010001000001100000000
00000000100110000000001100001001
11111111111110000110000000000010
00000000000000000000000010011110
00000000000000000000000010001010
00000000000000000000000010010110
00000000000000000000001000010001
00000000101100000000001000001001
00000000101100000000001000000001
00000000010100000000001010010001
00000000010010001010001000101011
00000000000000000000001000000110
00000000101100000000001010000001
00000000000000001010000110010001
00000000000000000110001000001001
00000000101100000000001000000001
00000000000010000000001010010001
00000000001010001000001100000000
00000000101100000000001100001001
11111111111111101000000000000010
00000000101100000000000110000001
00000000000000000000000110010110
00000000010100000000001000010001
00000000000000000000001000010110
00000000000000000000001000010001
00000000000000000000001000010110
00000000000000000000001000010001
00000000000000000000001000010110
11111111111101000000000010010010
00000000000000000000001000011110
00000000000000000000000110011110
00000000101100000000000110001001
00000000000000000000001010010001
00000000101100000000001010001001
00000000101100000000001010000001
00000000010100000000001100010001
00000000010010001100001010101011
00000000101100000000001010000001
00000000000000001010001100010001
00000000000000001100001100000001
00000000000000000000001100001110
00000000101100000000001010000001
00000000000010000000001100010001
00000000001100001010001110000000
00000000101100000000001110001001
11111111111111101000000000000010
00000000000000000000000000001100
