00000000000001001010000000000010
00000000000000000000000110011110
00000000000000000000000110001001
00000000000000000000000110011110
00000000000010000000000110001001
00000000000000000000000110011110
00000000000100000000000110001001
00000000000000000000000010010110
00000000000000000000001000010001
00000000000110000000001000001001
00000000000000000000001000010001
00000000001000000000001000001001
00000000000110000000001000000001
00000000000100000000001010000001
00000000100010001010001000101011
00000000001000000000001000000001
00000000000110000000001010000001
00000000000000000000001100000001
00000000001010001100001100000000
00000000000000001100001100000001
00000000000110000000001010000001
00000000000010000000001110000001
00000000001010001110001110000000
00000000000000001110001110000001
00000000001110001100001010010000
00000000001010001000001100000000
00000000001000000000001100001001
00000000000110000000001000000001
00000000000010000000001010010001
00000000001010001000001100000000
00000000000110000000001100001001
11111111111111011000000000000010
00000000001000000000001000000001
00000000000000000000000010011110
00000000000000000000001000010110
00000000000000000000000010001010
00000000000000000000000010011110
00000000000000000000000010001010
00000000000000000000000010010110
00000000000000000000001000010001
00000000010110000000001000001001
00000000010110000000001000000001
00000000000110000000001010010001
00000000010010001010001000101011
00000000000000000000001000000110
00000000010110000000001010000001
00000000001010001010000110010001
00000000000000000110001000001001
00000000010110000000001000000001
00000000000010000000001010010001
00000000001010001000001100000000
00000000010110000000001100001001
11111111111111101000000000000010
00000000000000000000001000010001
00000000010110000000001000001001
00000000010110000000001000000001
00000000000110000000001010010001
00000000010010001010001000101011
00000000000000000000001000000110
00000000010110000000001010000001
00000000010000001010000110010001
00000000000000000110001000001001
00000000010110000000001000000001
00000000000010000000001010010001
00000000001010001000001100000000
00000000010110000000001100001001
11111111111111101000000000000010
00000000010110000000000110000001
00000000000000000000000110010110
00000000000110000000001000010001
00000000000000000000001000010110
00000000010000000000001000010001
00000000000000000000001000010110
00000000001010000000001000010001
00000000000000000000001000010110
11111111111101101010000010010010
00000000000000000000001000011110
00000000000000000000000110011110
00000000010110000000000110001001
00000000000000000000001000001110
00000000000000000000000000001100
