00000000000000010110000000000010
00000000000000000000000110011110
00000000000000000000000110001001
00000000000000000000000010010110
00000000000000000000001000000001
00000000000010000000001010010001
00000000001010001000001100000000
00000000000000000000000010011110
00000000000000000000001100010110
00000000000000000000000010001010
00000000000000000000000010011110
00000000000000000000000010001010
00000000000000000000000010010110
00000000000010000000000110000001
00000000000000000000000110010110
00000000001000000000001000010001
00000000000000000000001000010110
11111111111111011110000010010010
00000000000000000000001000011110
00000000000000000000000110011110
00000000000010000000000110001001
00000000000010000000001000001001
00000000000010000000001000000001
00000000000000000000001000001110
00000000000000000000000000001100
