00000000000000100100000000000010
00000000000000000000000110011110
00000000000000000000000110001001
00000000000000000000000110011110
00000000000010000000000110001001
00000000000000000000000010010110
00000000000010000000001000000001
00000000000000000000001010000001
00000000001000001010001010000000
00000000000000001010001010000001
00000000000010000000001000010001
00000000001000001010001100000000
00000000000100000000001100001001
00000000000100000000001000000001
00000000000000000000000010011110
00000000000000000000001000010110
00000000000000000000000010001010
00000000000000000000000010011110
00000000000000000000000010001010
00000000000000000000000010010110
00000000001000000000001000010001
00000000000000000000001010010001
00000000000110001010000110010001
00000000000000000110001000001001
00000000001010000000001000010001
00000000000010000000001010010001
00000000000110001010000110010001
00000000000000000110001000001001
00000000000110000000000110000001
00000000000000000000000110010110
00000000001010000000000110000001
00000000000000000000000110010110
00000000000010000000001000010001
00000000000000000000001000010110
00000000000110000000001000010001
00000000000000000000001000010110
11111111111110111000000010010010
00000000000000000000001000011110
00000000000000000000000110011110
00000000001010000000000110001001
00000000000000000000000110011110
00000000000110000000000110001001
00000000001010000000001000001001
00000000001010000000001000000001
00000000001010000000001010010001
00000000000110001010001000011011
00000000001010000000001000000001
00000000000000000000001000001110
00000000000000001000000000000010
00000000000000000000001000010001
00000000000110001000001010010001
00000000000000001010001010000001
00000000000000000000001010001110
00000000000000000000000000001100
