00000000000010001100000000000010
00000000000000000000000110011110
00000000000000000000000110001001
00000000000000000000000110011110
00000000000010000000000110001001
00000000000000000000000110011110
00000000000100000000000110001001
00000000000000000000000010010110
00000000000000000000001000010001
00000000000110000000001000001001
00000000000110000000001000000001
00000000000100000000001010010001
00000001110000001010001000101011
00000000000000000000001000010001
00000000001000000000001000001001
00000000001000000000001000000001
00000000000100000000001010010001
00000001011100001010001000101011
00000000000000000000001000010001
00000000001100000000001000001001
00000000000000000000001000010001
00000000001010000000001000001001
00000000001010000000001000000001
00000000000100000000001010010001
00000000110010001010001000101011
00000000001100000000001000000001
00000000000110000000001010000001
00000000000100000000001100010001
00000000001100001010001110010000
00000000001010000000001010000001
00000000001010001110001100000000
00000000000000000000001010000001
00000000001100001010001010000000
00000000000000001010001010000001
00000000001010000000001100000001
00000000000100000000001110010001
00000000001110001100010000010000
00000000001000000000001100000001
00000000001100010000001110000000
00000000000010000000001100000001
00000000001110001100001100000000
00000000000000001100001100000001
00000000001100001010001110010000
00000000001110001000001010000000
00000000001100000000001010001001
00000000001010000000001000000001
00000000000010000000001010010001
00000000001010001000001100000000
00000000001010000000001100001001
11111111111111001000000000000010
00000000001100000000001000000001
00000000000110000000001010000001
00000000000100000000001100010001
00000000001100001010001110010000
00000000001000000000001010000001
00000000001010001110001100000000
00000000000100000000000110000001
00000000001100000110000110000000
00000000000000000110001000001001
00000000001000000000001000000001
00000000000010000000001010010001
00000000001010001000001100000000
00000000001000000000001100001001
11111111111110011110000000000010
00000000000110000000001000000001
00000000000010000000001010010001
00000000001010001000001100000000
00000000000110000000001100001001
11111111111110001010000000000010
00000000000000000000000010011110
00000000000000000000000010001010
00000000000000000000000010010110
00000000000000000000001000010001
00000000100110000000001000001001
00000000100110000000001000000001
00000000001000000000001010010001
00000000010010001010001000101011
00000000000000000000001000000110
00000000100110000000001010000001
00000000001110001010000110010001
00000000000000000110001000001001
00000000100110000000001000000001
00000000000010000000001010010001
00000000001010001000001100000000
00000000100110000000001100001001
11111111111111101000000000000010
00000000000000000000001000010001
00000000100110000000001000001001
00000000100110000000001000000001
00000000001000000000001010010001
00000000010010001010001000101011
00000000000000000000001000000110
00000000100110000000001010000001
00000000010110001010000110010001
00000000000000000110001000001001
00000000100110000000001000000001
00000000000010000000001010010001
00000000001010001000001100000000
00000000100110000000001100001001
11111111111111101000000000000010
00000000100110000000000110000001
00000000000000000000000110010110
00000000011110000000001000010001
00000000000000000000001000010110
00000000010110000000001000010001
00000000000000000000001000010110
00000000001110000000001000010001
00000000000000000000001000010110
11111111111100101000000010010010
00000000000000000000000110011110
00000000100110000000000110001001
00000000000000000000001000010001
00000000100110000000001000001001
00000000100110000000001000000001
00000000001000000000001010010001
00000000010010001010001000101011
00000000100110000000001000000001
00000000011110001000001010010001
00000000000000001010001010000001
00000000000000000000001010001110
00000000100110000000001000000001
00000000000010000000001010010001
00000000001010001000001100000000
00000000100110000000001100001001
11111111111111101000000000000010
00000000000000000000000000001100
